1.100000023841857910e+00 0.000000000000000000e+00 2.177238464355468750e-03
1.100000023841857910e+00 2.060301601886749268e-03 1.988887786865234375e-03
1.100000023841857910e+00 4.120603203773498535e-03 1.801013946533203125e-03
1.100000023841857910e+00 6.180904805660247803e-03 1.616477966308593750e-03
1.100000023841857910e+00 8.241206407546997070e-03 1.432895660400390625e-03
1.100000023841857910e+00 1.030150800943374634e-02 1.250743865966796875e-03
1.100000023841857910e+00 1.236180961132049561e-02 1.069545745849609375e-03
1.100000023841857910e+00 1.442211121320724487e-02 8.902549743652343750e-04
1.100000023841857910e+00 1.648241281509399414e-02 7.138252258300781250e-04
1.100000023841857910e+00 1.854271441698074341e-02 5.378723144531250000e-04
1.100000023841857910e+00 2.060301601886749268e-02 3.633499145507812500e-04
1.100000023841857910e+00 2.266331762075424194e-02 1.912117004394531250e-04
1.100000023841857910e+00 2.472361922264099121e-02 2.050399780273437500e-05
1.100000023841857910e+00 2.678392082452774048e-02 -1.497268676757812500e-04
1.100000023841857910e+00 2.884422242641448975e-02 -3.185272216796875000e-04
1.100000023841857910e+00 3.090452402830123901e-02 -4.849433898925781250e-04
1.100000023841857910e+00 3.296482563018798828e-02 -6.504058837890625000e-04
1.100000023841857910e+00 3.502512723207473755e-02 -8.139610290527343750e-04
1.100000023841857910e+00 3.708542883396148682e-02 -9.760856628417968750e-04
1.100000023841857910e+00 3.914573043584823608e-02 -1.137256622314453125e-03
1.100000023841857910e+00 4.120603203773498535e-02 -1.296520233154296875e-03
1.100000023841857910e+00 4.326633363962173462e-02 -1.454830169677734375e-03
1.100000023841857910e+00 4.532663524150848389e-02 -1.611709594726562500e-03
1.100000023841857910e+00 4.738693684339523315e-02 -1.767635345458984375e-03
1.100000023841857910e+00 4.944723844528198242e-02 -1.922130584716796875e-03
1.100000023841857910e+00 5.150754004716873169e-02 -2.073287963867187500e-03
1.100000023841857910e+00 5.356784164905548096e-02 -2.225399017333984375e-03
1.100000023841857910e+00 5.562814325094223022e-02 -2.374172210693359375e-03
1.100000023841857910e+00 5.768844485282897949e-02 -2.523899078369140625e-03
1.100000023841857910e+00 5.974874645471572876e-02 -2.671718597412109375e-03
1.100000023841857910e+00 6.180904805660247803e-02 -2.816200256347656250e-03
1.100000023841857910e+00 6.386934965848922729e-02 -2.962112426757812500e-03
1.100000023841857910e+00 6.592965126037597656e-02 -3.104686737060546875e-03
1.100000023841857910e+00 6.798995286226272583e-02 -3.247261047363281250e-03
1.100000023841857910e+00 7.005025446414947510e-02 -3.387928009033203125e-03
1.100000023841857910e+00 7.211055606603622437e-02 -3.527164459228515625e-03
1.100000023841857910e+00 7.417085766792297363e-02 -3.665447235107421875e-03
1.100000023841857910e+00 7.623115926980972290e-02 -3.802776336669921875e-03
1.100000023841857910e+00 7.829146087169647217e-02 -3.938198089599609375e-03
1.100000023841857910e+00 8.035176247358322144e-02 -4.072666168212890625e-03
1.100000023841857910e+00 8.241206407546997070e-02 -4.206180572509765625e-03
1.100000023841857910e+00 8.447236567735671997e-02 -4.338741302490234375e-03
1.100000023841857910e+00 8.653266727924346924e-02 -4.470348358154296875e-03
1.100000023841857910e+00 8.859296888113021851e-02 -4.599094390869140625e-03
1.100000023841857910e+00 9.065327048301696777e-02 -4.727840423583984375e-03
1.100000023841857910e+00 9.271357208490371704e-02 -4.854679107666015625e-03
1.100000023841857910e+00 9.477387368679046631e-02 -4.981994628906250000e-03
1.100000023841857910e+00 9.683417528867721558e-02 -5.106925964355468750e-03
1.100000023841857910e+00 9.889447689056396484e-02 -5.231857299804687500e-03
1.100000023841857910e+00 1.009547784924507141e-01 -5.353450775146484375e-03
1.100000023841857910e+00 1.030150800943374634e-01 -5.475997924804687500e-03
1.100000023841857910e+00 1.050753816962242126e-01 -5.596637725830078125e-03
1.100000023841857910e+00 1.071356832981109619e-01 -5.716800689697265625e-03
1.100000023841857910e+00 1.091959848999977112e-01 -5.834102630615234375e-03
1.100000023841857910e+00 1.112562865018844604e-01 -5.951404571533203125e-03
1.100000023841857910e+00 1.133165881037712097e-01 -6.067752838134765625e-03
1.100000023841857910e+00 1.153768897056579590e-01 -6.184101104736328125e-03
1.100000023841857910e+00 1.174371913075447083e-01 -6.298065185546875000e-03
1.100000023841857910e+00 1.194974929094314575e-01 -6.411075592041015625e-03
1.100000023841857910e+00 1.215577945113182068e-01 -6.522178649902343750e-03
1.100000023841857910e+00 1.236180961132049561e-01 -6.634235382080078125e-03
1.100000023841857910e+00 1.256783902645111084e-01 -6.743431091308593750e-03
1.100000023841857910e+00 1.277386993169784546e-01 -6.853580474853515625e-03
1.100000023841857910e+00 1.297990083694458008e-01 -6.960391998291015625e-03
1.100000023841857910e+00 1.318593025207519531e-01 -7.067203521728515625e-03
1.100000023841857910e+00 1.339195966720581055e-01 -7.172584533691406250e-03
1.100000023841857910e+00 1.359799057245254517e-01 -7.277488708496093750e-03
1.100000023841857910e+00 1.380402147769927979e-01 -7.380962371826171875e-03
1.100000023841857910e+00 1.401005089282989502e-01 -7.483959197998046875e-03
1.100000023841857910e+00 1.421608030796051025e-01 -7.585525512695312500e-03
1.100000023841857910e+00 1.442211121320724487e-01 -7.687091827392578125e-03
1.100000023841857910e+00 1.462814211845397949e-01 -7.787227630615234375e-03
1.100000023841857910e+00 1.483417153358459473e-01 -7.885456085205078125e-03
1.100000023841857910e+00 1.504020094871520996e-01 -7.983684539794921875e-03
1.100000023841857910e+00 1.524623185396194458e-01 -8.080482482910156250e-03
1.100000023841857910e+00 1.545226275920867920e-01 -8.175849914550781250e-03
1.100000023841857910e+00 1.565829217433929443e-01 -8.271694183349609375e-03
1.100000023841857910e+00 1.586432158946990967e-01 -8.366107940673828125e-03
1.100000023841857910e+00 1.607035249471664429e-01 -8.458137512207031250e-03
1.100000023841857910e+00 1.627638339996337891e-01 -8.550167083740234375e-03
1.100000023841857910e+00 1.648241281509399414e-01 -8.641719818115234375e-03
1.100000023841857910e+00 1.668844223022460938e-01 -8.732795715332031250e-03
1.100000023841857910e+00 1.689447313547134399e-01 -8.821964263916015625e-03
1.100000023841857910e+00 1.710050404071807861e-01 -8.910179138183593750e-03
1.100000023841857910e+00 1.730653345584869385e-01 -8.997917175292968750e-03
1.100000023841857910e+00 1.751256287097930908e-01 -9.085178375244140625e-03
1.100000023841857910e+00 1.771859377622604370e-01 -9.171009063720703125e-03
1.100000023841857910e+00 1.792462468147277832e-01 -9.255886077880859375e-03
1.100000023841857910e+00 1.813065409660339355e-01 -9.339809417724609375e-03
1.100000023841857910e+00 1.833668351173400879e-01 -9.422779083251953125e-03
1.100000023841857910e+00 1.854271441698074341e-01 -9.504795074462890625e-03
1.100000023841857910e+00 1.874874532222747803e-01 -9.587764739990234375e-03
1.100000023841857910e+00 1.895477473735809326e-01 -9.667873382568359375e-03
1.100000023841857910e+00 1.916080415248870850e-01 -9.747028350830078125e-03
1.100000023841857910e+00 1.936683505773544312e-01 -9.825706481933593750e-03
1.100000023841857910e+00 1.957286596298217773e-01 -9.903430938720703125e-03
1.100000023841857910e+00 1.977889537811279297e-01 -9.980201721191406250e-03
1.100000023841857910e+00 1.998492479324340820e-01 -1.005792617797851562e-02
1.100000023841857910e+00 2.019095569849014282e-01 -1.013278961181640625e-02
1.100000023841857910e+00 2.039698660373687744e-01 -1.020765304565429688e-02
1.100000023841857910e+00 2.060301303863525391e-01 -1.028108596801757812e-02
1.100000023841857910e+00 2.080904394388198853e-01 -1.035404205322265625e-02
1.100000023841857910e+00 2.101507484912872314e-01 -1.042699813842773438e-02
1.100000023841857910e+00 2.122110426425933838e-01 -1.049804687500000000e-02
1.100000023841857910e+00 2.142713367938995361e-01 -1.056814193725585938e-02
1.100000023841857910e+00 2.163316458463668823e-01 -1.063776016235351562e-02
1.100000023841857910e+00 2.183919548988342285e-01 -1.070642471313476562e-02
1.100000023841857910e+00 2.204522490501403809e-01 -1.077556610107421875e-02
1.100000023841857910e+00 2.225125432014465332e-01 -1.084184646606445312e-02
1.100000023841857910e+00 2.245728522539138794e-01 -1.090908050537109375e-02
1.100000023841857910e+00 2.266331613063812256e-01 -1.097393035888671875e-02
1.100000023841857910e+00 2.286934554576873779e-01 -1.103925704956054688e-02
1.100000023841857910e+00 2.307537496089935303e-01 -1.110410690307617188e-02
1.100000023841857910e+00 2.328140586614608765e-01 -1.116561889648437500e-02
1.100000023841857910e+00 2.348743677139282227e-01 -1.122903823852539062e-02
1.100000023841857910e+00 2.369346618652343750e-01 -1.129055023193359375e-02
1.100000023841857910e+00 2.389949560165405273e-01 -1.135158538818359375e-02
1.100000023841857910e+00 2.410552650690078735e-01 -1.141166687011718750e-02
1.100000023841857910e+00 2.431155741214752197e-01 -1.147079467773437500e-02
1.100000023841857910e+00 2.451758682727813721e-01 -1.152944564819335938e-02
1.100000023841857910e+00 2.472361624240875244e-01 -1.158714294433593750e-02
1.100000023841857910e+00 2.492964714765548706e-01 -1.164436340332031250e-02
1.100000023841857910e+00 2.513567805290222168e-01 -1.170063018798828125e-02
1.100000023841857910e+00 2.534170746803283691e-01 -1.175594329833984375e-02
1.100000023841857910e+00 2.554773688316345215e-01 -1.181077957153320312e-02
1.100000023841857910e+00 2.575376629829406738e-01 -1.186513900756835938e-02
1.100000023841857910e+00 2.595979869365692139e-01 -1.191759109497070312e-02
1.100000023841857910e+00 2.616582810878753662e-01 -1.197052001953125000e-02
1.100000023841857910e+00 2.637185752391815186e-01 -1.202249526977539062e-02
1.100000023841857910e+00 2.657788991928100586e-01 -1.207447052001953125e-02
1.100000023841857910e+00 2.678391933441162109e-01 -1.212358474731445312e-02
1.100000023841857910e+00 2.698994874954223633e-01 -1.217317581176757812e-02
1.100000023841857910e+00 2.719597816467285156e-01 -1.222181320190429688e-02
1.100000023841857910e+00 2.740200757980346680e-01 -1.226997375488281250e-02
1.100000023841857910e+00 2.760803997516632080e-01 -1.231765747070312500e-02
1.100000023841857910e+00 2.781406939029693604e-01 -1.236343383789062500e-02
1.100000023841857910e+00 2.802009880542755127e-01 -1.240921020507812500e-02
1.100000023841857910e+00 2.822613120079040527e-01 -1.245450973510742188e-02
1.100000023841857910e+00 2.843216061592102051e-01 -1.249837875366210938e-02
1.100000023841857910e+00 2.863819003105163574e-01 -1.254320144653320312e-02
1.100000023841857910e+00 2.884421944618225098e-01 -1.258611679077148438e-02
1.100000023841857910e+00 2.905024886131286621e-01 -1.262807846069335938e-02
1.100000023841857910e+00 2.925628125667572021e-01 -1.266908645629882812e-02
1.100000023841857910e+00 2.946231067180633545e-01 -1.270961761474609375e-02
1.100000023841857910e+00 2.966834008693695068e-01 -1.274919509887695312e-02
1.100000023841857910e+00 2.987437248229980469e-01 -1.278829574584960938e-02
1.100000023841857910e+00 3.008040189743041992e-01 -1.282739639282226562e-02
1.100000023841857910e+00 3.028643131256103516e-01 -1.286458969116210938e-02
1.100000023841857910e+00 3.049246072769165039e-01 -1.290178298950195312e-02
1.100000023841857910e+00 3.069849014282226562e-01 -1.293897628784179688e-02
1.100000023841857910e+00 3.090452253818511963e-01 -1.297426223754882812e-02
1.100000023841857910e+00 3.111055195331573486e-01 -1.300954818725585938e-02
1.100000023841857910e+00 3.131658136844635010e-01 -1.304435729980468750e-02
1.100000023841857910e+00 3.152261376380920410e-01 -1.307725906372070312e-02
1.100000023841857910e+00 3.172864317893981934e-01 -1.311063766479492188e-02
1.100000023841857910e+00 3.193467259407043457e-01 -1.314210891723632812e-02
1.100000023841857910e+00 3.214070200920104980e-01 -1.317358016967773438e-02
1.100000023841857910e+00 3.234673142433166504e-01 -1.320409774780273438e-02
1.100000023841857910e+00 3.255276381969451904e-01 -1.323413848876953125e-02
1.100000023841857910e+00 3.275879323482513428e-01 -1.326370239257812500e-02
1.100000023841857910e+00 3.296482264995574951e-01 -1.329183578491210938e-02
1.100000023841857910e+00 3.317085504531860352e-01 -1.331949234008789062e-02
1.100000023841857910e+00 3.337688446044921875e-01 -1.334619522094726562e-02
1.100000023841857910e+00 3.358291387557983398e-01 -1.337289810180664062e-02
1.100000023841857910e+00 3.378894329071044922e-01 -1.339960098266601562e-02
1.100000023841857910e+00 3.399497270584106445e-01 -1.342439651489257812e-02
1.100000023841857910e+00 3.420100510120391846e-01 -1.344728469848632812e-02
1.100000023841857910e+00 3.440703451633453369e-01 -1.347064971923828125e-02
1.100000023841857910e+00 3.461306393146514893e-01 -1.349449157714843750e-02
1.100000023841857910e+00 3.481909632682800293e-01 -1.351594924926757812e-02
1.100000023841857910e+00 3.502512574195861816e-01 -1.353693008422851562e-02
1.100000023841857910e+00 3.523115515708923340e-01 -1.355791091918945312e-02
1.100000023841857910e+00 3.543718457221984863e-01 -1.357793807983398438e-02
1.100000023841857910e+00 3.564321398735046387e-01 -1.359748840332031250e-02
1.100000023841857910e+00 3.584924638271331787e-01 -1.361513137817382812e-02
1.100000023841857910e+00 3.605527579784393311e-01 -1.363372802734375000e-02
1.100000023841857910e+00 3.626130521297454834e-01 -1.365041732788085938e-02
1.100000023841857910e+00 3.646733760833740234e-01 -1.366615295410156250e-02
1.100000023841857910e+00 3.667336702346801758e-01 -1.368188858032226562e-02
1.100000023841857910e+00 3.687939643859863281e-01 -1.369762420654296875e-02
1.100000023841857910e+00 3.708542585372924805e-01 -1.371097564697265625e-02
1.100000023841857910e+00 3.729145526885986328e-01 -1.372480392456054688e-02
1.100000023841857910e+00 3.749748766422271729e-01 -1.373720169067382812e-02
1.100000023841857910e+00 3.770351707935333252e-01 -1.374864578247070312e-02
1.100000023841857910e+00 3.790954649448394775e-01 -1.376008987426757812e-02
1.100000023841857910e+00 3.811557888984680176e-01 -1.377010345458984375e-02
1.100000023841857910e+00 3.832160830497741699e-01 -1.378107070922851562e-02
1.100000023841857910e+00 3.852763772010803223e-01 -1.379013061523437500e-02
1.100000023841857910e+00 3.873366713523864746e-01 -1.379776000976562500e-02
1.100000023841857910e+00 3.893969655036926270e-01 -1.380586624145507812e-02
1.100000023841857910e+00 3.914572894573211670e-01 -1.381301879882812500e-02
1.100000023841857910e+00 3.935175836086273193e-01 -1.382017135620117188e-02
1.100000023841857910e+00 3.955778777599334717e-01 -1.382446289062500000e-02
1.100000023841857910e+00 3.976382017135620117e-01 -1.382875442504882812e-02
1.100000023841857910e+00 3.996984958648681641e-01 -1.383304595947265625e-02
1.100000023841857910e+00 4.017587900161743164e-01 -1.383590698242187500e-02
1.100000023841857910e+00 4.038190841674804688e-01 -1.383876800537109375e-02
1.100000023841857910e+00 4.058793783187866211e-01 -1.384115219116210938e-02
1.100000023841857910e+00 4.079397022724151611e-01 -1.384162902832031250e-02
1.100000023841857910e+00 4.099999964237213135e-01 -1.384162902832031250e-02
