1.099999000000000171e+00 9.999999999999999547e-07 9.779064502382895610e-06
1.099999000000000171e+00 2.061291457286432496e-03 2.005580985538925332e-02
1.099999000000000171e+00 4.121582914572864860e-03 3.989855478752059315e-02
1.099999000000000171e+00 6.181874371859297224e-03 5.953801386089641046e-02
1.099999000000000171e+00 8.242165829145728720e-03 7.897421145902901174e-02
1.099999000000000171e+00 1.030245728643216195e-02 9.820718713525689036e-02
1.099999000000000171e+00 1.236274874371859345e-02 1.172369414591782621e-01
1.099999000000000171e+00 1.442304020100502494e-02 1.360634813905018115e-01
1.099999000000000171e+00 1.648333165829145991e-02 1.546868242557054574e-01
1.099999000000000171e+00 1.854362311557789314e-02 1.731069708021878983e-01
1.099999000000000171e+00 2.060391457286432637e-02 1.913239213070375977e-01
1.099999000000000171e+00 2.266420603015075613e-02 2.093376892315948479e-01
1.099999000000000171e+00 2.472449748743718936e-02 2.271482785618464673e-01
1.099999000000000171e+00 2.678478894472362259e-02 2.447556891485730135e-01
1.099999000000000171e+00 2.884508040201005236e-02 2.621599165388582287e-01
1.099999000000000171e+00 3.090537185929648559e-02 2.793609590304577117e-01
1.099999000000000171e+00 3.296566331658291882e-02 2.963588183375746032e-01
1.099999000000000171e+00 3.502595477386934858e-02 3.131535226505401392e-01
1.099999000000000171e+00 3.708624623115578528e-02 3.297450807524318628e-01
1.099999000000000171e+00 3.914653768844221504e-02 3.461334923473048386e-01
1.099999000000000171e+00 4.120682914572865174e-02 3.623187612540529345e-01
1.099999000000000171e+00 4.326712060301508150e-02 3.783009023859993381e-01
1.099999000000000171e+00 4.532741206030151127e-02 3.940799157431444932e-01
1.099999000000000171e+00 4.738770351758794797e-02 4.096558051996004313e-01
1.099999000000000171e+00 4.944799497487437773e-02 4.250285888097556919e-01
1.099999000000000171e+00 5.150828643216080749e-02 4.401982673773592869e-01
1.099999000000000171e+00 5.356857788944724419e-02 4.551648426808285741e-01
1.099999000000000171e+00 5.562886934673367395e-02 4.699283114934497130e-01
1.099999000000000171e+00 5.768916080402010371e-02 4.844886728730792291e-01
1.099999000000000171e+00 5.974945226130654041e-02 4.988459381065399323e-01
1.099999000000000171e+00 6.180974371859297017e-02 5.130001581308788472e-01
1.099999000000000171e+00 6.387003517587939994e-02 5.269513391634227384e-01
1.099999000000000171e+00 6.593032663316583664e-02 5.406994778442626437e-01
1.099999000000000171e+00 6.799061809045227334e-02 5.542445958381945204e-01
1.099999000000000171e+00 7.005090954773869616e-02 5.675867076038918491e-01
1.099999000000000171e+00 7.211120100502513286e-02 5.807258135367722174e-01
1.099999000000000171e+00 7.417149246231156956e-02 5.936619021169999844e-01
1.099999000000000171e+00 7.623178391959799238e-02 6.063949651144172615e-01
1.099999000000000171e+00 7.829207537688442908e-02 6.189250039316669394e-01
1.099999000000000171e+00 8.035236683417086578e-02 6.312520795986338307e-01
1.099999000000000171e+00 8.241265829145730248e-02 6.433762193917981209e-01
1.099999000000000171e+00 8.447294974874372531e-02 6.552974233111593660e-01
1.099999000000000171e+00 8.653324120603016201e-02 6.670156939140624575e-01
1.099999000000000171e+00 8.859353266331659871e-02 6.785310626794173183e-01
1.099999000000000171e+00 9.065382412060302153e-02 6.898435305450107968e-01
1.099999000000000171e+00 9.271411557788945823e-02 7.009531025989690356e-01
1.099999000000000171e+00 9.477440703517589493e-02 7.118598338220206712e-01
1.099999000000000171e+00 9.683469849246231775e-02 7.225637301105850563e-01
1.099999000000000171e+00 9.889498994974875445e-02 7.330647986003125949e-01
1.099999000000000171e+00 1.009552814070351912e-01 7.433630399217555640e-01
1.099999000000000171e+00 1.030155728643216140e-01 7.534584505694358336e-01
1.099999000000000171e+00 1.050758643216080507e-01 7.633510356988520984e-01
1.099999000000000171e+00 1.071361557788944874e-01 7.730408438301270557e-01
1.099999000000000171e+00 1.091964472361809102e-01 7.825278865193150413e-01
1.099999000000000171e+00 1.112567386934673469e-01 7.918121591931566172e-01
1.099999000000000171e+00 1.133170301507537836e-01 8.008936697179073194e-01
1.099999000000000171e+00 1.153773216080402064e-01 8.097724362504916673e-01
1.099999000000000171e+00 1.174376130653266431e-01 8.184484625696594184e-01
1.099999000000000171e+00 1.194979045226130798e-01 8.269218129673209239e-01
1.099999000000000171e+00 1.215581959798995165e-01 8.351924986784555749e-01
1.099999000000000171e+00 1.236184874371859393e-01 8.432605197030637045e-01
1.099999000000000171e+00 1.256787788944723760e-01 8.511258999106383616e-01
1.099999000000000171e+00 1.277390703517587989e-01 8.587886685591574754e-01
1.099999000000000171e+00 1.297993618090452494e-01 8.662488256645416440e-01
1.099999000000000171e+00 1.318596532663316723e-01 8.735063824306924518e-01
1.099999000000000171e+00 1.339199447236180951e-01 8.805614214811934293e-01
1.099999000000000171e+00 1.359802361809045457e-01 8.874139491869322827e-01
1.099999000000000171e+00 1.380405276381909685e-01 8.940639536742076565e-01
1.099999000000000171e+00 1.401008190954773913e-01 9.005113990759066045e-01
1.099999000000000171e+00 1.421611105527638419e-01 9.067562830556235021e-01
1.099999000000000171e+00 1.442214020100502647e-01 9.127986189219980950e-01
1.099999000000000171e+00 1.462816934673366875e-01 9.186384571380039610e-01
1.099999000000000171e+00 1.483419849246231381e-01 9.242758014157174129e-01
1.099999000000000171e+00 1.504022763819095609e-01 9.297106592963558791e-01
1.099999000000000171e+00 1.524625678391959838e-01 9.349431172643469790e-01
1.099999000000000171e+00 1.545228592964824343e-01 9.399731996667096690e-01
1.099999000000000171e+00 1.565831507537688572e-01 9.448009019601013581e-01
1.099999000000000171e+00 1.586434422110552800e-01 9.494262246703326635e-01
1.099999000000000171e+00 1.607037336683417306e-01 9.538491974209548641e-01
1.099999000000000171e+00 1.627640251256281534e-01 9.580698200750662474e-01
1.099999000000000171e+00 1.648243165829146040e-01 9.620880863742863331e-01
1.099999000000000171e+00 1.668846080402010268e-01 9.659039989293299877e-01
1.099999000000000171e+00 1.689448994974874496e-01 9.695175577401972111e-01
1.099999000000000171e+00 1.710051909547739002e-01 9.729288103905266993e-01
1.099999000000000171e+00 1.730654824120603230e-01 9.761378028310677690e-01
1.099999000000000171e+00 1.751257738693467458e-01 9.791445339806477133e-01
1.099999000000000171e+00 1.771860653266331964e-01 9.819490110456026155e-01
1.099999000000000171e+00 1.792463567839196192e-01 9.845512571713622707e-01
1.099999000000000171e+00 1.813066482412060421e-01 9.869512740013551833e-01
1.099999000000000171e+00 1.833669396984924926e-01 9.891490712753201464e-01
1.099999000000000171e+00 1.854272311557789155e-01 9.911446895290201287e-01
1.099999000000000171e+00 1.874875226130653383e-01 9.929381330224537061e-01
1.099999000000000171e+00 1.895478140703517889e-01 9.945294029910286548e-01
1.099999000000000171e+00 1.916081055276382117e-01 9.959185325267208011e-01
1.099999000000000171e+00 1.936683969849246345e-01 9.971055336404853753e-01
1.099999000000000171e+00 1.957286884422110851e-01 9.980904055574253420e-01
1.099999000000000171e+00 1.977889798994975079e-01 9.988731689946610537e-01
1.099999000000000171e+00 1.998492713567839307e-01 9.994538400296852920e-01
1.099999000000000171e+00 2.019095628140703813e-01 9.998324182306510544e-01
1.099999000000000171e+00 2.039698542713568041e-01 1.000008930907501314e+00
1.099999000000000171e+00 2.060301457286432270e-01 9.999834096568493980e-01
1.099999000000000171e+00 2.080904371859296775e-01 9.997558544786954160e-01
1.099999000000000171e+00 2.101507286432161004e-01 9.993262860191756136e-01
1.099999000000000171e+00 2.122110201005025232e-01 9.986947106230793514e-01
1.099999000000000171e+00 2.142713115577889738e-01 9.978611275307791573e-01
1.099999000000000171e+00 2.163316030150753966e-01 9.968255635360731004e-01
1.099999000000000171e+00 2.183918944723618194e-01 9.955880319391243738e-01
1.099999000000000171e+00 2.204521859296482700e-01 9.941485286066378269e-01
1.099999000000000171e+00 2.225124773869346928e-01 9.925070769811966676e-01
1.099999000000000171e+00 2.245727688442211156e-01 9.906637394364257165e-01
1.099999000000000171e+00 2.266330603015075662e-01 9.886185178783266636e-01
1.099999000000000171e+00 2.286933517587939890e-01 9.863714180712146451e-01
1.099999000000000171e+00 2.307536432160804118e-01 9.839224522433069886e-01
1.099999000000000171e+00 2.328139346733668624e-01 9.812716172852636864e-01
1.099999000000000171e+00 2.348742261306532852e-01 9.784189212490321808e-01
1.099999000000000171e+00 2.369345175879397358e-01 9.753644115995777630e-01
1.099999000000000171e+00 2.389948090452261587e-01 9.721080877612487958e-01
1.099999000000000171e+00 2.410551005025125815e-01 9.686499524234001290e-01
1.099999000000000171e+00 2.431153919597990321e-01 9.649900408750328173e-01
1.099999000000000171e+00 2.451756834170854549e-01 9.611283493629080299e-01
1.099999000000000171e+00 2.472359748743718777e-01 9.570648778870251006e-01
1.099999000000000171e+00 2.492962663316583283e-01 9.527996755257326367e-01
1.099999000000000171e+00 2.513565577889447233e-01 9.483328156380509411e-01
1.099999000000000171e+00 2.534168492462311462e-01 9.436642985293621777e-01
1.099999000000000171e+00 2.554771407035175690e-01 9.387941233977131761e-01
1.099999000000000171e+00 2.575374321608039918e-01 9.337222701124116009e-01
1.099999000000000171e+00 2.595977236180904701e-01 9.284487366920280982e-01
1.099999000000000171e+00 2.616580150753768930e-01 9.229735562351027989e-01
1.099999000000000171e+00 2.637183065326633158e-01 9.172967658711151939e-01
1.099999000000000171e+00 2.657785979899497386e-01 9.114183589037831990e-01
1.099999000000000171e+00 2.678388894472361614e-01 9.053383478653357352e-01
1.099999000000000171e+00 2.698991809045226398e-01 8.990568461149772705e-01
1.099999000000000171e+00 2.719594723618090626e-01 8.925738790896047270e-01
1.099999000000000171e+00 2.740197638190954854e-01 8.858894417911398200e-01
1.099999000000000171e+00 2.760800552763819082e-01 8.790035161096957372e-01
1.099999000000000171e+00 2.781403467336683311e-01 8.719161057003639304e-01
1.099999000000000171e+00 2.802006381909547539e-01 8.646272154991450076e-01
1.099999000000000171e+00 2.822609296482412322e-01 8.571368874270752780e-01
1.099999000000000171e+00 2.843212211055276550e-01 8.494451151003202805e-01
1.099999000000000171e+00 2.863815125628140779e-01 8.415518989819507079e-01
1.099999000000000171e+00 2.884418040201005007e-01 8.334573008403638461e-01
1.099999000000000171e+00 2.905020954773869235e-01 8.251613254177964096e-01
1.099999000000000171e+00 2.925623869346733463e-01 8.166639727142478433e-01
1.099999000000000171e+00 2.946226783919598247e-01 8.079652794490927992e-01
1.099999000000000171e+00 2.966829698492462475e-01 7.990652932503764516e-01
1.099999000000000171e+00 2.987432613065326703e-01 7.899640139839013697e-01
1.099999000000000171e+00 3.008035527638190931e-01 7.806614572634372751e-01
1.099999000000000171e+00 3.028638442211055160e-01 7.711577122155514052e-01
1.099999000000000171e+00 3.049241356783919388e-01 7.614527894806237818e-01
1.099999000000000171e+00 3.069844271356784171e-01 7.515466812988225165e-01
1.099999000000000171e+00 3.090447185929648399e-01 7.414393632261584433e-01
1.099999000000000171e+00 3.111050100502512628e-01 7.311308343306143209e-01
1.099999000000000171e+00 3.131653015075376856e-01 7.206211089007149573e-01
1.099999000000000171e+00 3.152255929648241084e-01 7.099102888917376841e-01
1.099999000000000171e+00 3.172858844221105312e-01 6.989983929056127199e-01
1.099999000000000171e+00 3.193461758793970096e-01 6.878854171542146956e-01
1.099999000000000171e+00 3.214064673366834324e-01 6.765713315049597387e-01
1.099999000000000171e+00 3.234667587939698552e-01 6.650561365396647773e-01
1.099999000000000171e+00 3.255270502512562780e-01 6.533398333406335023e-01
1.099999000000000171e+00 3.275873417085427008e-01 6.414224985101734111e-01
1.099999000000000171e+00 3.296476331658291792e-01 6.293041712764224638e-01
1.099999000000000171e+00 3.317079246231156020e-01 6.169848516393811044e-01
1.099999000000000171e+00 3.337682160804020248e-01 6.044645474963624698e-01
1.099999000000000171e+00 3.358285075376884476e-01 5.917432567524278930e-01
1.099999000000000171e+00 3.378887989949748705e-01 5.788209788671003775e-01
1.099999000000000171e+00 3.399490904522612933e-01 5.656977353771388550e-01
1.099999000000000171e+00 3.420093819095477716e-01 5.523735622925635136e-01
1.099999000000000171e+00 3.440696733668341945e-01 5.388484596103869650e-01
1.099999000000000171e+00 3.461299648241206173e-01 5.251224351944145941e-01
1.099999000000000171e+00 3.481902562814070401e-01 5.111955392542292254e-01
1.099999000000000171e+00 3.502505477386934629e-01 4.970677799473449676e-01
1.099999000000000171e+00 3.523108391959798857e-01 4.827391558730632082e-01
1.099999000000000171e+00 3.543711306532663641e-01 4.682096689720121052e-01
1.099999000000000171e+00 3.564314221105527869e-01 4.534793221714142897e-01
1.099999000000000171e+00 3.584917135678392097e-01 4.385481183175342079e-01
1.099999000000000171e+00 3.605520050251256325e-01 4.234160797261553033e-01
1.099999000000000171e+00 3.626122964824120554e-01 4.080832088882788145e-01
1.099999000000000171e+00 3.646725879396984782e-01 3.925495064473898399e-01
1.099999000000000171e+00 3.667328793969849565e-01 3.768149924073424528e-01
1.099999000000000171e+00 3.687931708542713793e-01 3.608796742766861576e-01
1.099999000000000171e+00 3.708534623115578022e-01 3.447435520554205657e-01
1.099999000000000171e+00 3.729137537688442250e-01 3.284066363535966815e-01
1.099999000000000171e+00 3.749740452261306478e-01 3.118689382485115291e-01
1.099999000000000171e+00 3.770343366834170706e-01 2.951304577362957038e-01
1.099999000000000171e+00 3.790946281407035490e-01 2.781911976368096617e-01
1.099999000000000171e+00 3.811549195979899718e-01 2.610511626128502183e-01
1.099999000000000171e+00 3.832152110552763946e-01 2.437103527219854626e-01
1.099999000000000171e+00 3.852755025125628174e-01 2.261687708872186509e-01
1.099999000000000171e+00 3.873357939698492403e-01 2.084264223007868677e-01
1.099999000000000171e+00 3.893960854271356631e-01 1.904833067310468531e-01
1.099999000000000171e+00 3.914563768844221414e-01 1.723394249692817293e-01
1.099999000000000171e+00 3.935166683417085642e-01 1.539947744677769015e-01
1.099999000000000171e+00 3.955769597989949871e-01 1.354493534275653388e-01
1.099999000000000171e+00 3.976372512562814099e-01 1.167031619682466353e-01
1.099999000000000171e+00 3.996975427135678327e-01 9.775619946647190472e-02
1.099999000000000171e+00 4.017578341708543110e-01 7.860846526083163643e-02
1.099999000000000171e+00 4.038181256281407339e-01 5.925995990561572224e-02
1.099999000000000171e+00 4.058784170854271567e-01 3.971067055801650453e-02
1.099999000000000171e+00 4.079387085427135795e-01 1.996058308101063272e-02
1.099999000000000171e+00 4.099990000000000023e-01 9.697474598072364861e-06
